--------------------
2023-10
--------------------
2.10.-8.10.
41,25
+5,0
(+0,75)

9.10.-15.10.
39,5
+3,25
(+4,0)

16.-22.10.
38,75
+2,5
(+6,5)

23.-29.10.
37,0
+0,75
(+7,25)

30.10.-5.11.
42,25
+6,0
(+13,25)

--------------------
2023-11
--------------------
6.-12.11.
36,75
+0,5
(+13,75)

13.-19.11.
38,75
+2,5
(+16,25)

20.-26.11.
36,25
+0,0
(+16,25)

27.11.-3.12.
39,75
+3,5
(+19,75)

--------------------
2023-12
--------------------
4.-10.12.
38,0
+1,75
(+21,50)

11.12.-17.12.
36,25
+0,0
(+21,50)

18.12.-24.12.
24,25
-12,00
(+9,5)

25.12.-31.12.
PAID LEAVE
36,25
+0,0
(+9,5)
